30876669824664856
30876669824664856
30876669824664856
77223069454039395
82242047293765567
24233423779340487
15484404506016653
98468829472585108
75555576962313807
42582342140719252
99781733958238709
77223069454039395
82242047293765567
75555576962313807
69867427593611884
52722366704774877
33922570905674122
87013233200361725
86151045766218388
87013233200361725
64866053818555083
79408929452159624
55986180764196875
40591873855071567
24233423779340487
95973722241816075
52722366704774877
91914702290680719
64866053818555083
75555576962313807 
94279162165241579 
87013233200361725 
95973722241816075 
52722366704774877
91914702290680719 
52722366704774877 
88815074647411982 
88815074647411982 
59675813170817903
7715722791264684
59675813170817903
7715722791264684
22373291521975461
59675813170817903
77223069454039395
10528298511885015
94279162165241579
69867427593611884
98468829472585108
11080055013504306
55617650536440882
52950329497873673
69867427593611884
55617650536440882
43009662331064017
32609881881220234
38938329728907166
10528298511885015
87013233200361725
24233423779340487
32520592532905261
40591873855071567
75555576962313807